51.70 29.30 -37.49 13.75
-84.10 -37.45 6.78 -20.15
33.66 55.56 -78.29 13.34
43.90 -95.53 33.87 -88.35
-24.46 42.78 -20.75 -88.13
-4.44 72.59 79.23 97.58
65.43 7.87 30.21 69.34
-57.74 8.37 -97.85 20.57
-24.32 -45.55 19.05 8.37
64.97 30.71 57.95 -8.49
86.99 38.57 36.59 84.90
46.63 -36.64 92.88 -26.29
92.28 -50.84 -71.18 -15.52
27.91 -58.63 4.55 -20.57
-17.86 65.20 16.81 -84.74
-27.84 -9.11 36.27 -82.62
-69.54 11.19 -74.90 58.55
-58.30 3.12 78.67 -89.02
-79.17 -36.15 30.29 95.54
98.59 23.08 -39.76 -88.53
-33.83 11.18 61.32 5.27
-52.57 -28.17 46.22 85.55
-13.77 -25.27 -88.04 9.21
-94.25 31.10 48.91 37.70
-56.87 78.45 -16.18 -14.14
-96.34 72.01 67.71 47.66
10.77 66.59 92.77 -77.10
93.68 -87.26 -61.68 -96.19
6.72 6.38 41.15 35.68
-70.74 85.58 -49.49 -11.61
36.97 -40.48 -24.06 -52.10
-75.27 75.59 76.63 59.77
-71.99 87.10 -12.96 11.79
-74.22 82.56 -71.09 -18.80
50.30 84.29 1.56 2.84
46.80 -14.83 -47.86 -23.83
-46.22 -82.09 -58.63 -87.24
-83.23 11.37 -7.35 46.90
45.05 -90.12 7.86 -23.08
-87.55 -16.00 -79.83 -58.74
63.40 31.41 76.09 99.66
-63.15 79.71 -63.10 -95.45
80.26 -0.91 -51.83 -77.75
80.54 30.76 -62.63 38.27
-39.47 -71.77 94.10 -72.24
98.14 66.78 -6.38 41.79
-15.58 78.06 60.76 34.89
-62.73 13.80 23.36 -74.40
87.82 -83.07 5.05 51.23
24.73 -41.30 79.54 85.00
94.74 18.19 97.09 29.99
54.12 71.83 -42.61 84.89
-56.54 31.79 -45.53 88.91
20.72 68.04 -56.77 37.70
-26.32 -38.35 -43.24 22.83
-55.26 8.36 50.63 56.65
27.08 88.90 -0.29 -78.04
13.68 -35.10 -41.95 26.08
-0.20 34.17 -95.12 63.59
54.84 40.04 -64.97 41.92
-53.56 -68.32 11.01 79.51
2.62 73.86 -89.49 -23.63
-26.31 -82.89 11.21 -44.51
-79.49 -36.47 -89.08 -68.10
-36.46 67.39 87.25 -70.36
65.99 -52.39 -60.64 -96.28
-56.41 73.73 -66.19 67.76
6.77 30.42 -33.92 -15.07
44.56 39.00 92.31 -86.88
86.24 92.57 99.52 -84.15
79.37 -87.42 6.46 54.75
-51.46 25.66 -37.92 -37.14
-0.48 71.21 -95.41 -94.79
95.15 31.19 -14.30 -55.66
85.43 10.68 45.84 15.98
28.15 37.79 25.57 -81.51
14.41 3.54 53.01 47.81
23.90 44.02 6.80 73.23
-69.51 -14.42 45.72 88.19
2.88 3.99 -91.06 -52.76
26.19 52.15 49.84 50.22
35.18 14.09 69.62 78.68
54.51 -87.81 -88.43 29.76
-74.59 -79.10 -91.77 37.29
29.52 87.90 65.07 -55.57
-18.35 3.14 77.52 -93.12
13.83 -45.86 16.17 34.27
-82.70 -30.29 55.62 -71.02
89.01 22.85 2.75 73.58
60.47 51.57 -67.74 75.91
-15.60 90.76 -26.16 -4.55
-44.17 -39.55 -65.77 -41.99
53.41 -21.72 62.92 20.62
-20.94 14.71 75.36 -52.91
-72.54 32.52 -45.29 70.80
-54.14 82.97 56.38 50.23
-78.49 0.05 14.44 74.51
-20.16 39.09 88.69 46.61
92.47 -60.14 -47.08 99.12
-66.61 -24.89 -77.71 -65.76